12-104704_r_001 1 129 001
13-002356_r_003 2 129 003
13-000235_r_003 1 129 003
13-006551_r_005 1 129 005
13-005275_l_005 0 129 005
14-004930_l_008 0 129 008
14-005037_r_015 1 129 015
13-003571_r_003 1 130 003
13-007364_r_003 1 130 003
13-001992_r_007 1 130 007
13-002006_l_007 1 130 007
15-008248_r_036 2 130 036
14-001918_r_026 1 131 026
15-003370_r_042 0 131 042
13-007364_l_003 1 132 003
15-009615_l_024 1 132 024
13-003769_r_001 0 133 001
13-002366_r_003 1 133 003
13-005933_r_003 1 133 003
13-001579_r_005 1 133 005
15-002205_l_030 1 133 030
15-007696_r_049 0 133 049
15-007696_l_049 0 133 049
13-004914_l_001 0 134 001
13-004716_r_003 1 134 003
13-002762_r_005 0 134 005
13-001579_l_005 0 134 005
14-000074_r_007 1 134 007
15-001767_l_008 0 134 008
15-000939_r_039 0 134 039
13-004721_l_003 1 135 003
13-006320_r_008 1 136 008
15-006666_r_036 1 136 036
15-005281_r_037 1 136 037
13-005931_l_003 0 137 003
13-006562_r_005 0 137 005
13-007835_r_005 1 137 005
13-007875_l_005 1 137 005
15-005097_r_042 2 137 042
13-003584_r_003 1 138 003
15-001686_l_024 0 138 024
13-003584_l_003 1 139 003
13-001576_r_005 1 139 005
13-007875_r_005 0 139 005
13-005275_r_005 0 139 005
13-002762_l_005 0 139 005
15-005561_l_039 1 139 039
16-000870_l_049 1 139 049
12-105619_l_001 1 140 001
13-004005_r_005 1 140 005
13-004011_l_005 1 140 005
14-005938_r_008 0 140 008
14-004051_r_015 1 140 015
15-008617_l_038 0 140 038
14-005037_l_015 0 141 015
15-003621_r_030 1 141 030
15-008809_l_039 1 141 039
15-003918_l_039 1 141 039
13-007835_l_005 1 142 005
14-003963_r_008 1 142 008
14-004642_l_026 1 142 026
15-008561_r_030 0 142 030
13-001273_r_004 1 143 004
13-004011_r_005 1 143 005
13-006562_l_005 0 143 005
13-005722_r_007 1 143 007
15-004876_l_024 0 143 024
15-001335_l_026 2 143 026
13-001142_l_001 1 144 001
15-000290_l_008 0 144 008
15-006456_r_024 0 144 024
15-007109_l_039 1 144 039
12-104705_l_001 1 145 001
13-004721_r_003 1 145 003
13-001576_l_005 1 145 005
13-006551_l_005 1 145 005
13-006987_l_007 0 145 007
14-003944_l_008 1 145 008
15-004876_r_024 1 145 024
15-006598_r_042 2 145 042
15-006610_r_042 1 145 042
13-002366_l_003 0 146 003
14-004051_l_015 1 146 015
15-002976_r_019 1 146 019
15-009615_r_024 1 146 024
15-003621_l_030 1 146 030
15-009917_l_036 1 146 036
15-002231_r_038 0 146 038
15-008602_l_038 1 146 038
15-006169_r_049 1 146 049
14-003789_r_029 1 147 029
15-009917_r_036 1 147 036
15-005551_r_039 2 147 039
15-004542_r_049 0 147 049
13-001992_l_007 1 148 007
14-005931_l_008 0 148 008
15-002205_r_030 0 148 030
15-005153_r_036 1 148 036
15-005181_r_036 2 148 036
15-008809_r_039 2 148 039
13-007370_r_003 1 149 003
15-006857_r_030 0 149 030
15-006610_l_042 1 149 042
15-008182_l_042 1 149 042
15-000546_r_049 1 149 049
12-105619_r_001 0 150 001
13-002506_r_001 0 150 001
13-001142_r_001 1 150 001
13-004450_r_007 0 150 007
15-000278_r_008 1 150 008
15-005368_r_030 1 150 030
15-006857_l_030 1 150 030
15-008265_r_036 2 150 036
15-003918_r_039 1 150 039
15-009404_l_049 1 150 049
15-009404_r_049 1 150 049
12-105618_r_001 1 151 001
13-003769_l_001 1 151 001
13-004450_l_007 1 151 007
14-005938_l_008 0 151 008
15-001928_r_042 1 151 042
15-001928_l_042 1 151 042
15-004506_r_049 0 151 049
15-009393_r_049 1 151 049
13-006203_l_001 0 152 001
13-003195_r_007 1 152 007
13-007680_r_019 1 152 019
15-006456_l_024 0 152 024
15-000674_r_030 0 152 030
14-005772_l_038 0 152 038
13-007370_l_003 1 153 003
12-105480_r_005 2 153 005
14-001347_l_019 1 153 019
15-000674_l_030 1 153 030
14-005153_r_030 0 153 030
15-008248_l_036 1 153 036
15-002976_l_019 1 154 019
15-002204_l_030 2 154 030
15-006854_l_030 2 154 030
14-001347_r_019 1 155 019
15-004530_r_019 1 155 019
15-000938_r_039 1 155 039
15-003139_l_008 0 156 008
14-003789_l_029 1 156 029
15-003643_l_030 1 156 030
15-009915_r_036 2 156 036
15-003620_l_038 1 156 038
15-006875_l_038 1 156 038
15-000939_l_039 0 156 039
15-002897_r_049 0 156 049
13-003784_l_001 0 157 001
15-006681_r_036 1 157 036
13-004897_r_001 0 158 001
15-003112_l_008 1 158 008
15-003583_l_015 0 158 015
15-006855_r_038 2 158 038
15-003620_r_038 1 158 038
15-000938_l_039 1 158 039
16-000872_r_049 0 158 049
15-007679_r_049 1 158 049
13-004897_l_001 1 159 001
15-000278_l_008 0 159 008
15-003892_r_039 1 159 039
15-006598_l_042 4 159 042
16-000872_l_049 0 159 049
13-002754_r_005 1 160 005
13-002754_l_005 0 160 005
15-004338_l_026 1 160 026
15-005334_l_038 1 160 038
15-004506_l_049 1 160 049
15-009393_l_049 1 160 049
15-008617_r_038 1 161 038
15-003638_l_038 0 161 038
15-006855_l_038 1 161 038
15-003892_l_039 1 161 039
15-008817_l_039 1 161 039
13-000225_r_003 1 162 003
14-005030_r_015 1 162 015
15-001686_r_024 0 162 024
15-005551_l_039 1 162 039
15-000549_l_049 0 162 049
15-000546_l_049 0 162 049
15-002759_l_026 1 163 026
15-005153_l_036 1 163 036
15-009979_l_037 0 163 037
14-005772_r_038 0 163 038
15-008602_r_038 1 163 038
15-009814_r_042 1 163 042
15-003370_l_042 1 163 042
15-000711_l_038 0 164 038
15-005097_l_042 1 164 042
15-006162_r_049 1 164 049
13-001273_l_004 1 165 004
13-007680_l_019 1 165 019
15-003643_r_030 1 165 030
15-002230_l_038 1 165 038
15-006875_r_038 0 165 038
15-000466_l_015 1 166 015
15-005323_l_030 2 166 030
14-003720_r_030 0 166 030
15-009979_r_037 1 166 037
13-002507_r_001 0 167 001
14-004052_r_015 1 167 015
14-005960_r_024 0 167 024
15-007339_l_029 1 167 029
15-002231_l_038 0 167 038
15-009814_l_042 1 167 042
15-002897_l_049 0 167 049
13-004005_l_005 1 168 005
14-004932_r_008 0 168 008
15-005087_l_042 3 168 042
13-002356_l_003 1 169 003
15-005368_l_030 1 169 030
15-005181_l_036 0 169 036
13-006320_l_008 0 170 008
15-001994_r_015 1 170 015
15-005679_r_023 2 170 023
14-005960_l_024 1 170 024
15-005334_r_038 1 170 038
15-003697_r_045 1 170 045
15-006162_l_049 1 170 049
13-006987_r_007 1 171 007
14-006069_r_015 1 171 015
15-002980_r_019 1 171 019
15-005847_l_029 2 171 029
15-008561_l_030 1 171 030
13-005692_l_007 1 172 007
15-000587_r_036 1 172 036
15-005253_l_047 1 172 047
15-007679_l_049 1 172 049
13-000662_l_007 1 173 007
15-002759_r_026 1 173 026
15-005323_r_030 1 173 030
15-008454_r_037 2 173 037
15-003638_r_038 0 173 038
14-005971_r_039 1 173 039
14-006042_r_042 1 173 042
15-002872_r_049 1 173 049
15-000466_r_015 1 174 015
14-004783_r_019 0 174 019
12-104704_l_001 1 175 001
15-006455_l_024 1 175 024
14-003720_l_030 1 175 030
14-005153_l_030 1 175 030
15-005313_r_038 1 175 038
16-001940_r_045 2 175 045
15-005253_r_047 2 175 047
13-006310_l_008 1 176 008
15-002753_r_039 1 176 039
14-005970_l_039 2 176 039
14-004052_l_015 1 177 015
15-004016_r_023 1 177 023
14-005150_l_030 3 177 030
15-002980_l_019 1 178 019
15-004530_l_019 1 178 019
15-004191_l_029 1 178 029
15-009053_l_029 1 178 029
15-000587_l_036 1 178 036
12-105230_l_003 1 179 003
13-005692_r_007 1 179 007
13-003195_l_007 1 179 007
13-006971_r_007 1 179 007
14-004932_l_008 0 179 008
15-005847_r_029 1 179 029
15-009052_r_029 1 179 029
15-007087_l_039 1 179 039
15-002114_r_047 2 179 047
12-105227_r_003 2 180 003
13-004442_r_007 1 180 007
14-006069_l_015 0 180 015
15-002204_r_030 0 180 030
15-008265_l_036 1 180 036
14-000074_l_007 1 181 007
13-003194_r_007 1 181 007
15-005680_l_023 1 181 023
15-000672_l_030 1 181 030
14-006042_l_042 1 181 042
14-000076_r_007 0 182 007
15-002633_l_029 1 182 029
15-002760_l_039 1 182 039
13-006186_l_001 1 183 001
13-006971_l_007 1 183 007
15-000475_l_015 1 183 015
15-004338_r_026 1 183 026
15-004180_r_029 2 183 029
15-007339_r_029 1 183 029
15-000672_r_030 1 183 030
15-008410_r_047 1 183 047
12-105230_r_003 0 184 003
15-003582_l_015 0 184 015
15-006455_r_024 1 184 024
15-002752_l_026 2 184 026
16-001421_l_036 1 184 036
15-006666_l_036 1 184 036
15-006800_r_037 1 184 037
13-005266_r_005 1 185 005
15-003583_r_015 1 185 015
13-007591_r_015 1 185 015
14-005795_l_019 0 185 019
14-005795_r_019 1 185 019
15-009053_r_029 1 185 029
16-001421_r_036 1 185 036
16-001545_r_037 1 185 037
14-000076_l_007 1 186 007
15-004191_r_029 1 186 029
15-001987_l_015 1 187 015
15-004015_r_023 1 187 023
15-005313_l_038 1 187 038
14-005971_l_039 0 187 039
14-004783_l_019 1 188 019
14-005452_r_023 1 188 023
15-005680_r_023 1 188 023
15-003515_r_037 2 188 037
15-005264_r_037 2 188 037
15-000711_r_038 0 188 038
13-003194_l_007 1 189 007
15-001994_l_015 0 189 015
15-000097_r_019 1 189 019
15-004874_l_024 1 189 024
15-001657_l_024 2 189 024
15-000690_l_038 1 189 038
15-003697_l_045 1 189 045
15-006697_r_047 2 189 047
14-006048_l_015 0 190 015
15-002801_r_023 1 190 023
15-001023_l_023 1 190 023
15-006854_r_030 1 190 030
15-003454_r_036 1 190 036
15-005281_l_037 0 190 037
15-002760_r_039 1 190 039
15-002103_r_047 3 190 047
15-005679_l_023 1 191 023
15-003022_r_024 1 191 024
15-001335_r_026 1 191 026
15-003582_r_015 1 192 015
15-004329_l_026 2 192 026
15-003483_r_037 2 192 037
15-007087_r_039 1 192 039
15-002753_l_039 0 192 039
15-002633_r_029 1 193 029
15-009915_l_036 2 193 036
15-006717_r_047 2 193 047
15-002872_l_049 1 193 049
15-003142_l_044 1 194 044
13-005722_l_007 0 195 007
14-004782_l_019 1 196 019
15-007184_r_023 0 196 023
14-004642_r_026 1 196 026
14-006180_l_029 2 196 029
15-004180_l_029 2 196 029
15-006789_r_037 2 196 037
15-009949_r_047 1 196 047
15-009949_l_047 1 196 047
15-001987_r_015 1 197 015
14-006048_r_015 1 197 015
15-004874_r_024 1 197 024
15-007338_r_029 1 197 029
15-001176_l_029 1 197 029
16-001432_r_036 1 197 036
15-004015_l_023 1 198 023
15-007338_l_029 2 198 029
15-003142_r_044 1 198 044
15-000475_r_015 1 199 015
15-000097_l_019 0 199 019
15-001536_r_019 1 199 019
15-008464_r_037 1 199 037
13-000225_l_003 1 201 003
15-007184_l_023 0 201 023
15-004016_l_023 0 201 023
15-001023_r_023 1 201 023
15-005830_r_029 1 201 029
15-008525_l_030 1 202 030
15-002230_r_038 1 202 038
14-006620_l_044 2 202 044
14-006583_r_044 2 202 044
15-008009_r_044 1 202 044
14-005778_r_019 1 203 019
15-004542_l_049 1 203 049
13-002506_l_001 1 204 001
13-006186_r_001 0 204 001
13-007582_r_015 2 204 015
16-001535_r_037 1 204 037
15-001527_r_019 1 205 019
14-003719_l_030 2 205 030
15-000236_r_037 2 205 037
13-007602_l_004 2 206 004
13-004442_l_007 1 206 007
14-006180_r_029 1 206 029
15-004857_r_044 1 206 044
15-004857_l_044 1 206 044
15-005408_r_045 3 206 045
14-005030_l_015 0 207 015
15-001657_r_024 2 207 024
15-003012_r_024 1 207 024
15-001176_r_029 1 207 029
15-008175_l_042 3 207 042
15-003425_r_036 2 208 036
15-000258_r_037 1 208 037
14-005767_l_038 1 208 038
15-002801_l_023 0 209 023
15-004504_l_019 1 210 019
15-007183_r_023 1 210 023
14-003787_l_029 2 210 029
16-001432_l_036 1 210 036
16-001545_l_037 0 210 037
15-008371_r_047 2 210 047
15-007995_l_024 2 211 024
13-003778_r_004 1 212 004
15-003571_r_047 2 212 047
15-001536_l_019 1 213 019
15-002788_r_023 1 214 023
14-005686_l_026 3 214 026
15-003012_l_024 1 215 024
15-006697_l_047 2 215 047
14-004782_r_019 1 216 019
13-005266_l_005 0 217 005
15-000690_r_038 1 217 038
15-009973_r_037 1 218 037
15-006800_l_037 1 218 037
15-006404_r_044 2 218 044
15-009947_r_047 2 218 047
13-002570_r_004 1 219 004
13-007591_l_015 1 219 015
15-007183_l_023 1 219 023
14-006793_l_026 2 219 026
14-005767_r_038 2 220 038
15-003557_r_047 3 220 047
15-006789_l_037 1 221 037
15-004847_r_044 2 221 044
15-008410_l_047 0 221 047
14-005778_l_019 1 222 019
13-005048_l_004 1 223 004
15-004504_r_019 1 223 019
15-001527_l_019 1 223 019
14-003719_r_030 1 223 030
15-003483_l_037 2 223 037
15-001759_r_044 1 223 044
15-004847_l_044 1 223 044
14-001917_l_026 3 224 026
14-003787_r_029 2 224 029
15-009647_l_044 2 224 044
15-000096_r_047 2 224 047
14-001329_l_019 1 225 019
14-005690_r_026 1 226 026
15-009052_l_029 1 226 029
15-008175_r_042 1 226 042
15-001334_l_026 2 227 026
15-002788_l_023 1 228 023
15-007995_r_024 1 228 024
14-005690_l_026 1 228 026
15-008464_l_037 0 229 037
15-008009_l_044 1 229 044
14-006583_l_044 2 229 044
13-002570_l_004 1 230 004
15-003425_l_036 1 231 036
14-005724_l_036 2 231 036
15-006404_l_044 2 231 044
15-005240_l_047 2 231 047
15-005240_r_047 2 231 047
14-006634_r_023 1 232 023
15-000258_l_037 0 232 037
15-009973_l_037 1 232 037
15-003571_l_047 1 232 047
13-007602_r_004 1 233 004
15-001021_r_023 2 233 023
13-003778_l_004 1 235 004
15-008008_l_044 2 235 044
16-001940_l_045 1 235 045
15-003454_l_036 1 237 036
15-006418_l_044 1 237 044
15-003696_l_045 2 237 045
14-001329_r_019 1 238 019
15-001021_l_023 1 238 023
14-005150_r_030 1 239 030
15-008454_l_037 0 239 037
15-006418_r_044 1 239 044
15-000100_r_019 1 240 019
14-006148_r_029 2 240 029
15-005408_l_045 2 242 045
15-008525_r_030 1 243 030
13-001144_l_001 0 244 001
14-006148_l_029 2 244 029
15-001920_l_042 2 245 042
16-001937_l_045 2 245 045
15-001482_r_045 1 245 045
15-009598_r_024 2 246 024
15-009598_l_024 1 250 024
15-001482_l_045 2 250 045
15-008008_r_044 2 253 044
15-006681_l_036 1 254 036
14-006620_r_044 1 257 044
15-002114_l_047 1 257 047
15-002628_l_029 3 259 029
13-007582_l_015 1 261 015
14-005970_r_039 2 261 039
15-001759_l_044 1 263 044
14-006634_l_023 1 266 023
13-006275_r_004 2 267 004
14-006430_l_045 2 267 045
13-005039_l_004 3 269 004
14-005721_l_036 2 269 036
14-005724_r_036 2 269 036
15-009947_l_047 2 269 047
12-104705_r_001 0 272 001
12-105184_l_004 2 272 004
14-006633_r_023 1 272 023
13-005048_r_004 1 273 004
14-006430_r_045 2 273 045
15-002103_l_047 2 275 047
14-005452_l_023 0 276 023
15-008371_l_047 1 277 047
15-003515_l_037 1 278 037
13-000661_r_007 2 279 007
15-001920_r_042 2 279 042
13-001271_r_004 2 280 004
15-003022_l_024 1 282 024
15-000100_l_019 0 285 019
16-001535_l_037 1 285 037
15-006717_l_047 1 288 047
15-000570_l_036 3 289 036
12-105481_r_005 1 291 005
15-009647_r_044 2 291 044
15-000096_l_047 2 291 047
12-105182_l_004 2 294 004
12-105182_r_004 1 299 004
15-003355_r_042 3 300 042
12-105481_l_005 0 301 005
15-004329_r_026 1 301 026
15-000236_l_037 1 301 037
14-006446_r_044 2 304 044
13-001271_l_004 2 305 004
15-005264_l_037 1 306 037
12-105184_r_004 1 309 004
14-006442_l_044 2 309 044
15-003113_l_044 2 309 044
14-005721_r_036 2 310 036
15-000570_r_036 2 311 036
13-006275_l_004 2 312 004
15-001149_l_029 2 316 029
15-003696_r_045 1 325 045
16-001937_r_045 1 331 045
14-006446_l_044 1 335 044
13-003768_l_004 2 344 004
14-005448_r_023 2 344 023
15-001740_l_044 1 347 044
15-003557_l_047 2 348 047
14-005956_r_024 2 350 024
14-006633_l_023 1 353 023
15-000062_r_047 2 355 047
13-002558_l_004 2 358 004
15-001149_r_029 2 360 029
15-002628_r_029 2 366 029
14-006442_r_044 2 369 044
15-005377_l_045 1 370 045
15-002752_r_026 1 373 026
15-005830_l_029 2 373 029
14-005956_l_024 2 382 024
14-006793_r_026 1 382 026
14-005686_r_026 2 393 026
15-003355_l_042 2 398 042
15-009787_l_042 3 398 042
15-005377_r_045 2 409 045
13-007586_l_004 2 410 004
14-006792_l_026 2 410 026
15-001740_r_044 1 410 044
15-001334_r_026 2 411 026
14-001917_r_026 2 412 026
12-105480_l_005 1 414 005
15-009651_l_044 1 419 044
14-006028_l_042 2 441 042
13-003768_r_004 1 449 004
13-006274_l_004 4 460 004
15-003113_r_044 2 463 044
13-002558_r_004 1 466 004
14-004627_r_026 1 470 026
15-001468_r_045 2 504 045
13-000661_l_007 1 505 007
14-006028_r_042 2 523 042
15-009651_r_044 1 529 044
14-005448_l_023 1 547 023
15-009787_r_042 2 562 042
12-105227_l_003 1 587 003
15-001468_l_045 2 592 045
15-000062_l_047 1 595 047
14-006792_r_026 1 608 026
14-006411_r_045 2 643 045
13-005039_r_004 1 656 004
14-006411_l_045 2 686 045
13-007586_r_004 1 724 004
13-006274_r_004 2 853 004
