15-001760_009 0 473 009
14-005960_024 0 498 024
15-001746_009 0 503 009
15-003071_009 0 505 009
14-005920_009 0 519 009
15-004813_009 0 519 009
14-001918_026 0 520 026
15-001686_024 0 525 024
15-006456_024 0 530 024
13-007370_003 0 533 003
13-007875_005 0 537 005
13-004721_003 0 539 003
15-004876_024 0 539 024
13-006203_001 0 541 001
13-002754_005 0 542 005
13-002507_001 0 543 001
13-004011_005 0 543 005
12-104705_001 0 545 001
15-008004_024 0 548 024
15-006368_009 0 550 009
15-000259_009 0 553 009
13-005933_003 0 554 003
15-003022_024 0 556 024
13-003784_001 0 562 001
13-001144_001 0 563 001
13-002366_003 0 564 003
15-004796_009 0 569 009
13-002762_005 0 572 005
13-004005_005 0 574 005
13-005275_005 0 578 005
15-006455_024 0 578 024
13-001579_005 0 579 005
13-004914_001 0 580 001
15-003061_009 0 580 009
14-005690_026 1 580 026
15-009615_024 0 581 024
13-006751_006 0 583 006
13-005266_005 0 584 005
15-000791_012 0 585 012
15-001268_062 0 587 062
12-105619_001 0 588 001
14-006107_011 0 590 011
15-000549_049 0 590 049
13-003584_003 0 591 003
13-006562_005 0 592 005
13-007983_006 0 592 006
13-007835_005 0 598 005
15-006366_009 0 599 009
14-005307_012 0 599 012
13-004450_007 0 603 007
12-105481_005 0 605 005
13-006827_011 0 609 011
15-002262_012 0 609 012
13-000235_003 0 611 003
14-006431_012 0 612 012
15-004542_049 0 613 049
15-001875_011 0 615 011
14-004307_012 0 618 012
13-006551_005 0 621 005
15-002897_049 0 621 049
12-105230_003 0 623 003
13-005048_004 0 623 004
12-105480_005 0 626 005
13-001576_005 1 626 005
15-002759_026 0 626 026
15-006169_049 0 626 049
13-002506_001 0 629 001
13-003195_007 0 629 007
15-003139_008 0 629 008
15-007696_049 0 629 049
14-003381_012 0 634 012
13-006186_001 0 635 001
16-002798_062 0 636 062
13-007077_012 0 637 012
13-007078_012 0 637 012
15-005006_057 1 638 057
16-001432_036 0 639 036
13-002006_007 0 642 007
14-002008_027 0 643 027
14-000076_007 0 644 007
15-009404_049 0 644 049
13-001273_004 1 646 004
13-006320_008 0 647 008
15-001908_011 0 647 011
15-003300_011 1 648 011
13-004897_001 0 650 001
15-000237_009 0 650 009
14-005086_011 1 650 011
14-005306_012 1 650 012
15-000143_027 0 650 027
13-005453_006 0 653 006
15-000788_012 1 659 012
15-006504_057 0 659 057
13-004269_006 0 660 006
14-001108_006 0 661 006
14-006415_012 0 661 012
15-009948_062 0 663 062
15-000402_011 1 667 011
16-000872_049 0 668 049
15-009860_057 1 668 057
13-007364_003 1 669 003
13-005931_003 0 671 003
14-003963_008 0 674 008
14-004642_026 0 674 026
13-002570_004 1 676 004
15-004874_024 1 677 024
15-001790_008 1 679 008
13-003769_001 0 680 001
14-004289_012 1 680 012
15-002004_065 0 681 065
13-007602_004 1 682 004
13-002356_003 1 683 003
16-001291_057 1 683 057
14-003368_012 0 684 012
14-004101_011 1 686 011
15-008335_062 0 687 062
15-002261_012 1 690 012
13-006557_009 0 692 009
14-001096_006 1 693 006
13-001142_001 1 694 001
14-005822_027 0 697 027
12-105728_006 0 698 006
16-001472_066 0 698 066
14-004932_008 0 699 008
14-005893_009 1 700 009
16-002750_066 0 700 066
15-001657_024 1 701 024
15-006757_062 0 705 062
13-003778_004 0 708 004
15-003454_036 0 708 036
15-008099_057 0 708 057
15-008265_036 0 709 036
15-006987_065 0 710 065
13-004716_003 0 711 003
15-006857_030 1 711 030
14-006093_011 1 713 011
15-000412_011 1 716 011
15-008598_065 0 716 065
15-001959_066 0 716 066
16-001676_065 0 717 065
15-000941_057 0 718 057
13-000662_007 0 720 007
14-005085_011 1 720 011
15-004338_026 0 720 026
15-005182_066 1 720 066
15-005220_062 1 721 062
15-006348_059 0 723 059
13-002865_006 0 724 006
13-006275_004 0 726 004
15-005398_065 0 729 065
16-000082_065 0 730 065
15-006696_066 1 730 066
15-003012_024 2 735 024
15-003286_011 1 736 011
13-004261_006 1 737 006
14-003720_030 1 737 030
16-003036_065 0 737 065
15-008308_066 0 737 066
15-002978_027 0 738 027
14-004821_027 1 738 027
16-001421_036 0 741 036
13-006817_011 1 744 011
16-000040_066 1 747 066
12-105184_004 1 748 004
12-104704_001 1 749 001
15-000290_008 1 751 008
15-003246_057 0 752 057
15-008324_066 0 754 066
14-005956_024 2 755 024
15-000587_036 0 756 036
13-007982_006 1 758 006
13-000661_007 0 758 007
16-000034_066 1 758 066
13-005442_006 1 759 006
14-004099_011 2 760 011
15-003643_030 0 761 030
15-009917_036 0 762 036
16-001474_062 0 763 062
12-105618_001 1 764 001
15-001591_027 1 765 027
15-003112_008 1 770 008
15-009949_047 0 770 047
15-008248_036 0 774 036
15-009915_036 0 777 036
15-004640_027 0 778 027
13-006310_008 2 779 008
15-007836_059 1 783 059
14-005153_030 1 784 030
15-006717_047 0 784 047
13-006741_006 1 785 006
16-002747_066 1 785 066
14-005938_008 1 786 008
15-005368_030 1 786 030
15-006666_036 0 786 036
15-004506_049 1 788 049
15-001101_059 1 788 059
15-007849_059 2 790 059
14-005724_036 1 791 036
15-009569_059 0 795 059
15-008561_030 1 802 030
15-006716_066 1 803 066
14-005721_036 1 806 036
15-008410_047 0 806 047
15-008592_065 1 810 065
13-005722_007 0 814 007
13-002864_006 2 816 006
16-002460_059 0 817 059
16-001464_066 1 818 066
15-002205_030 1 822 030
15-000278_008 2 826 008
16-000072_065 1 830 065
14-003719_030 1 831 030
15-001335_026 1 833 026
15-001334_026 1 836 026
16-001069_059 0 841 059
13-003571_003 1 846 003
14-005150_030 1 848 030
15-005323_030 1 848 030
15-006854_030 1 851 030
13-005692_007 0 854 007
15-006162_049 1 855 049
14-002006_027 1 860 027
15-003425_036 1 869 036
15-007679_049 1 869 049
15-000546_049 1 873 049
14-006793_026 1 875 026
15-009947_047 0 877 047
15-002204_030 1 882 030
15-002872_049 1 883 049
15-000674_030 1 887 030
15-005253_047 1 888 047
15-008525_030 1 890 030
15-003621_030 1 891 030
15-002752_026 1 898 026
16-000870_049 1 902 049
13-000225_003 1 906 003
15-000570_036 1 907 036
15-004329_026 1 908 026
15-000096_047 0 908 047
14-004930_008 1 909 008
15-006342_059 1 911 059
15-005181_036 0 914 036
15-006697_047 1 915 047
14-005805_027 1 917 027
15-004761_059 1 918 059
15-003571_047 0 923 047
15-008371_047 1 923 047
14-005931_008 2 926 008
14-000074_007 0 939 007
15-006985_065 1 939 065
15-002114_047 1 944 047
15-000672_030 1 947 030
15-005152_066 2 947 066
15-000125_027 1 951 027
16-003027_065 1 956 065
15-003557_047 1 960 047
13-006971_007 0 962 007
13-004442_007 2 966 007
13-001992_007 0 969 007
15-007995_024 2 973 024
15-005153_036 1 977 036
16-002458_059 1 979 059
13-003194_007 0 980 007
12-105727_006 2 981 006
13-006987_007 2 990 007
16-001670_065 1 991 065
15-001939_066 1 998 066
15-005240_047 1 999 047
12-105227_003 2 1011 003
15-002970_027 2 1012 027
15-001578_027 1 1022 027
15-009393_049 1 1026 049
15-009598_024 2 1030 024
15-001767_008 1 1034 008
15-005376_065 1 1039 065
15-009563_059 1 1049 059
13-006556_009 1 1073 009
15-002103_047 1 1085 047
15-000062_047 1 1115 047
15-001992_065 2 1154 065
14-006792_026 2 1206 026
15-004981_057 1 1223 057
14-004820_027 2 1254 027
15-004635_027 2 1262 027
14-005686_026 2 1467 026
15-009946_062 1 1474 062
15-006752_062 2 1589 062
14-003944_008 2 1608 008
16-002790_062 2 1656 062
16-001068_059 2 1666 059
15-001100_059 2 1716 059
15-006494_057 2 1797 057
14-004627_026 1 1866 026
13-001271_004 2 1870 004
15-009859_057 2 1985 057
16-001286_057 2 2061 057
15-004730_059 2 2269 059
15-001235_062 2 2401 062
13-007586_004 3 2538 004
15-005203_062 2 3003 062
12-105182_004 3 3012 004
15-008093_057 2 3352 057
15-000940_057 2 3485 057
13-002558_004 2 3530 004
15-003234_057 2 3701 057
14-001917_026 2 3793 026
13-005039_004 2 3805 004
16-001465_062 3 4621 062
13-003768_004 2 5007 004
15-008323_062 2 13468 062
