13-002507_r_001 0 131 001
15-007109_r_039 1 136 039
13-006203_r_001 0 137 001
13-005933_l_003 0 138 003
15-005368_r_030 1 139 030
13-002356_r_003 1 140 003
15-005181_r_036 1 141 036
15-005097_r_042 0 141 042
15-008182_l_042 1 143 042
13-005931_l_003 0 144 003
13-006320_r_008 0 144 008
13-004721_r_003 0 145 003
13-007875_r_005 0 146 005
15-008561_r_030 1 146 030
13-002366_r_003 1 147 003
13-005933_r_003 0 147 003
13-005931_r_003 1 147 003
13-001992_r_007 1 147 007
15-008182_r_042 1 147 042
13-004914_r_001 1 148 001
15-006857_r_030 1 148 030
13-001144_r_001 0 149 001
13-007370_l_003 1 149 003
13-0035847_r_003 0 149 003
13-007370_r_003 1 150 003
13-000235_l_003 0 150 003
15-009917_r_036 2 150 036
13-002356_l_003 1 151 003
13-000235_r_003 0 151 003
15-000290_r_008 0 152 008
15-000549_l_049 0 152 049
15-009915_r_036 2 153 036
13-004914_l_001 0 154 001
13-002754_r_005 0 154 005
15-001790_l_008 0 154 008
15-003643_r_030 2 154 030
15-007109_l_039 1 154 039
14-005938_r_008 1 155 008
15-000549_r_049 1 155 049
15-004542_r_049 0 155 049
13-002006_l_007 1 156 007
13-003571_r_003 0 157 003
13-005275_r_005 0 157 005
15-003918_r_039 0 157 039
15-008809_r_039 1 157 039
13-006551_r_005 0 158 005
13-003195_r_007 1 158 007
13-005275_l_005 1 159 005
15-000278_r_008 0 159 008
15-005097_l_042 0 159 042
15-004506_r_049 1 159 049
15-002759_l_026 1 159 026
13-000225_l_003 1 160 003
13-006562_r_005 0 160 005
15-005087_l_042 2 160 042
13-000661_r_007 1 161 007
14-004930_l_008 0 161 008
12-104705_r_001 0 162 001
15-006610_r_042 2 162 042
12-105480_r_005 1 163 005
15-005561_r_039 0 163 039
13-006551_l_005 1 164 005
15-005087_r_042 1 164 042
15-002897_r_049 0 164 049
13-004721_l_003 0 165 003
15-000290_l_008 0 165 008
15-008265_r_036 1 165 036
15-005181_l_036 2 165 036
14-005772_r_038 0 165 038
14-004930_r_008 0 166 008
15-008561_l_030 0 166 030
15-008248_r_036 1 166 036
13-004716_r_003 1 167 003
13-006320_l_008 1 167 008
15-005368_l_030 1 167 030
15-006854_l_030 1 167 030
13-003571_l_003 1 168 003
13-007875_l_005 0 168 005
13-000662_r_007 1 168 007
14-005938_l_008 1 168 008
15-003139_r_008 0 168 008
15-009404_r_049 0 168 049
13-004011_r_005 0 169 005
13-000225_r_003 1 170 003
13-005266_r_005 0 170 005
15-001790_r_008 1 170 008
15-004876_l_024 1 170 024
15-003022_r_024 0 170 024
15-006610_l_042 1 170 042
15-004542_l_049 0 170 049
13-0035847_l_003 1 171 003
13-004442_l_007 1 171 007
15-003620_l_038 1 171 038
13-004450_r_007 1 172 007
13-006971_r_007 1 172 007
14-003963_l_008 1 172 008
15-003643_l_030 0 172 030
15-005153_r_036 1 172 036
15-008809_l_039 2 172 039
15-005313_r_038 0 172 038
14-005772_l_038 0 172 038
15-005334_r_038 1 172 038
15-003620_r_038 0 172 038
13-007835_r_005 1 173 005
13-004442_r_007 1 173 007
15-006456_r_024 0 173 024
15-007087_r_039 1 173 039
16-000872_l_049 0 173 049
14-001918_l_026 1 173 026
13-006562_l_005 0 174 005
14-005931_r_008 1 174 008
14-003720_r_030 1 174 030
15-008265_l_036 2 174 036
15-000939_l_039 1 174 039
14-001918_r_026 1 174 026
13-003784_l_001 0 175 001
15-003139_l_008 1 175 008
14-004932_r_008 0 175 008
15-001767_l_008 1 175 008
15-009979_r_037 0 175 037
15-006855_l_038 1 175 038
13-001142_r_001 0 176 001
13-005722_r_007 1 176 007
15-003022_l_024 0 176 024
14-005150_l_030 0 176 030
15-008817_r_039 1 176 039
15-008617_r_038 0 176 038
15-006875_r_038 0 176 038
13-001144_l_001 0 177 001
12-105230_r_003 0 177 003
15-009917_l_036 2 177 036
12-105619_r_001 0 178 001
13-004011_l_005 1 178 005
15-004876_r_024 0 178 024
15-005847_r_029 2 178 029
15-005323_r_030 2 178 030
16-001432_r_036 1 178 036
15-008817_l_039 2 178 039
15-009404_l_049 0 178 049
15-002231_l_038 0 178 038
12-104704_r_001 1 179 001
13-003784_r_001 0 179 001
13-003195_l_007 0 179 007
13-004450_l_007 0 179 007
15-000278_l_008 1 179 008
15-001686_r_024 0 179 024
14-005153_r_030 0 179 030
15-007696_r_049 0 179 049
15-003638_r_038 1 179 038
15-001767_r_008 0 180 008
14-005960_r_024 0 180 024
14-003789_l_029 1 180 029
15-005281_r_037 0 180 037
15-005334_l_038 2 180 038
15-006855_r_038 1 180 038
15-003638_l_038 1 180 038
15-004506_l_049 0 181 049
15-005323_l_030 0 182 030
16-000872_r_049 0 182 049
15-002205_r_030 1 183 030
13-002762_r_005 0 184 005
13-004005_r_005 0 184 005
15-009915_l_036 2 184 036
15-005551_r_039 1 184 039
15-002760_r_039 1 184 039
15-005561_l_039 1 184 039
13-006203_l_001 0 185 001
13-002366_l_003 1 185 003
14-000076_l_007 0 185 007
13-005692_r_007 1 185 007
15-002633_l_029 0 185 029
15-006169_r_049 0 185 049
15-006875_l_038 0 185 038
15-001334_l_026 2 185 026
13-006987_r_007 0 186 007
15-000674_r_030 1 186 030
15-003454_l_036 1 186 036
15-003918_l_039 1 186 039
15-001335_l_026 1 186 026
13-002507_l_001 0 187 001
15-009393_r_049 1 187 049
13-002762_l_005 0 188 005
12-105481_r_005 0 188 005
15-003112_l_008 1 188 008
15-005153_l_036 1 188 036
15-002897_l_049 0 188 049
15-004329_l_026 1 188 026
15-005680_r_023 0 189 023
15-006666_r_036 1 189 036
14-006042_l_042 0 189 042
15-003370_r_042 0 189 042
15-002230_r_038 0 189 038
15-002752_l_026 1 189 026
15-002759_r_026 1 189 026
13-004897_r_001 0 190 001
15-009615_r_024 0 190 024
14-003720_l_030 0 190 030
15-005313_l_038 1 190 038
15-008602_r_038 0 190 038
12-105481_l_005 0 191 005
15-006681_r_036 1 191 036
15-002231_r_038 1 191 038
15-009615_l_024 1 192 024
15-009053_r_029 0 192 029
15-007339_l_029 1 192 029
15-007696_l_049 0 192 049
15-006162_l_049 1 192 049
14-004932_l_008 0 193 008
15-007184_r_023 1 193 023
15-005679_r_023 1 193 023
14-005971_r_039 0 193 039
15-006717_r_047 0 193 047
15-000711_r_038 0 193 038
15-005830_l_029 1 194 029
15-000546_r_049 0 194 049
15-008602_l_038 0 194 038
13-007835_l_005 2 195 005
15-000587_r_036 2 195 036
15-008454_r_037 1 195 037
13-006186_r_001 1 196 001
15-005847_l_029 1 196 029
15-006857_l_030 0 196 030
15-003370_l_042 0 196 042
13-001579_l_005 1 197 005
13-006987_l_007 0 197 007
14-005931_l_008 1 197 008
15-003112_r_008 1 197 008
15-006456_l_024 1 197 024
15-004191_r_029 1 197 029
15-008525_r_030 2 197 030
15-000258_r_037 0 197 037
14-006042_r_042 0 197 042
15-006598_r_042 3 197 042
14-003944_r_008 1 198 008
15-009393_l_049 1 198 049
15-006169_l_049 0 198 049
15-000711_l_038 0 198 038
13-006186_l_001 0 199 001
13-004716_l_003 1 199 003
13-002754_l_005 1 199 005
15-005830_r_029 1 199 029
15-002205_l_030 0 199 030
13-004005_l_005 1 200 005
14-000074_r_007 1 200 007
15-001686_l_024 0 200 024
12-105230_l_003 0 201 003
15-009814_l_042 1 201 042
15-009814_r_042 1 201 042
15-002872_r_049 0 201 049
15-002801_r_023 0 202 023
14-005960_l_024 1 202 024
15-004180_r_029 1 202 029
14-003789_r_029 1 202 029
14-005150_r_030 3 202 030
15-002114_r_047 1 202 047
13-001142_l_001 1 203 001
13-002506_r_001 0 203 001
15-001023_r_023 0 203 023
15-008617_l_038 0 203 038
13-004897_l_001 0 204 001
13-005722_l_007 1 204 007
15-000672_l_030 0 204 030
15-005551_l_039 1 204 039
14-004642_l_026 0 204 026
12-105619_l_001 0 205 001
15-002230_l_038 1 205 038
14-004627_l_026 1 205 026
12-104704_l_001 1 206 001
15-008525_l_030 0 206 030
15-003892_r_039 1 206 039
13-000662_l_007 1 207 007
15-004016_r_023 0 207 023
15-004180_l_029 1 207 029
15-009979_l_037 1 207 037
15-000939_r_039 1 207 039
15-000690_r_038 0 207 038
15-001994_r_015 0 208 015
15-007087_l_039 2 208 039
14-006793_l_026 1 208 026
15-007339_r_029 1 209 029
15-007183_r_023 2 210 023
15-000672_r_030 2 210 030
15-000674_l_030 0 210 030
15-005281_l_037 1 210 037
15-001759_r_044 2 210 044
15-002633_r_029 1 211 029
15-008175_l_042 2 211 042
15-008410_r_047 1 211 047
15-006717_l_047 2 211 047
16-000870_r_049 1 211 049
16-001421_l_036 1 212 036
15-000236_r_037 0 212 037
13-001576_r_005 1 213 005
13-000661_l_007 2 213 007
14-000074_l_007 1 213 007
13-006971_l_007 0 213 007
15-004015_r_023 0 213 023
15-002204_r_030 1 213 030
15-000587_l_036 1 213 036
15-002760_l_039 2 213 039
13-003769_r_001 0 214 001
15-007338_l_029 2 214 029
15-004191_l_029 1 214 029
15-003621_l_030 0 214 030
15-008175_r_042 2 214 042
15-002204_l_030 0 215 030
14-005767_l_038 1 215 038
15-002872_l_049 0 216 049
14-005690_r_026 1 216 026
15-001759_l_044 2 217 044
13-001579_r_005 0 218 005
15-004016_l_023 0 218 023
15-007184_l_023 1 218 023
12-105618_r_001 1 219 001
12-104705_l_001 0 219 001
14-005037_r_015 0 219 015
14-005153_l_030 0 219 030
13-005266_l_005 1 220 005
15-003583_r_015 0 220 015
15-008248_l_036 2 220 036
15-000258_l_037 0 220 037
14-005971_l_039 2 220 039
15-006598_l_042 4 220 042
15-007679_r_049 1 220 049
14-003963_r_008 1 221 008
15-001987_r_015 1 221 015
15-000466_r_015 0 222 015
15-004874_r_024 1 222 024
15-002753_r_039 1 222 039
14-006180_r_029 1 223 029
15-005253_r_047 2 223 047
15-007679_l_049 0 223 049
13-003769_l_001 0 224 001
14-003787_l_029 1 224 029
14-003787_r_029 2 224 029
15-003425_l_036 2 224 036
15-001928_r_042 1 224 042
14-005767_r_038 1 224 038
15-006455_r_024 1 225 024
15-006854_r_030 2 225 030
15-003454_r_036 1 226 036
14-006583_r_044 2 226 044
15-003697_l_045 1 226 045
16-000870_l_049 1 226 049
15-003515_r_037 0 227 037
13-006310_l_008 1 228 008
15-008410_l_047 1 228 047
14-001917_l_026 1 228 026
15-005264_r_037 2 229 037
15-001928_l_042 1 229 042
13-001992_l_007 2 230 007
15-003582_r_015 0 230 015
13-007693_l_019 1 230 019
15-003355_l_042 2 230 042
15-000546_l_049 1 230 049
13-006310_r_008 1 231 008
14-005037_l_015 1 232 015
15-004338_l_026 2 232 026
15-005679_l_023 1 233 023
14-006180_l_029 0 233 029
15-003621_r_030 2 233 030
14-004642_r_026 1 233 026
15-004015_l_023 1 234 023
14-005724_r_036 3 234 036
16-001545_r_037 0 234 037
15-006162_r_049 1 234 049
14-006069_r_015 0 235 015
15-001657_r_024 0 235 024
15-003425_r_036 2 235 036
16-001432_l_036 2 235 036
13-005692_l_007 1 236 007
14-005030_r_015 0 236 015
15-005680_l_023 1 236 023
15-001023_l_023 1 236 023
15-006681_l_036 1 236 036
15-003355_r_042 2 236 042
15-002628_r_029 1 237 029
13-001576_l_005 2 238 005
14-004052_l_015 1 238 015
13-007602_l_004 0 239 004
15-009053_l_029 1 239 029
15-007338_r_029 1 239 029
15-003483_r_037 1 239 037
14-005970_r_039 2 239 039
15-002753_l_039 2 239 039
15-005253_l_047 2 239 047
12-105618_l_001 1 240 001
15-003892_l_039 1 240 039
14-006583_l_044 2 240 044
14-006430_l_045 2 240 045
13-001271_r_004 4 241 004
15-000475_r_015 0 241 015
15-001021_r_023 1 241 023
15-009973_r_037 1 241 037
15-000938_r_039 1 241 039
15-006666_l_036 2 242 036
14-005690_l_026 1 242 026
12-105480_l_005 1 243 005
15-000475_l_015 0 243 015
15-002788_r_023 0 243 023
14-006148_l_029 1 243 029
14-003719_r_030 1 243 030
14-003719_l_030 1 243 030
14-005970_l_039 2 244 039
15-003142_r_044 2 244 044
15-006789_r_037 1 245 037
15-006800_r_037 1 245 037
15-002801_l_023 1 246 023
15-009052_r_029 1 246 029
15-008454_l_037 1 246 037
15-002628_l_029 2 248 029
14-006792_l_026 2 248 026
14-006048_r_015 1 249 015
15-006404_l_044 1 249 044
15-006418_r_044 1 249 044
14-006069_l_015 1 250 015
14-004052_r_015 1 250 015
15-007183_l_023 2 250 023
16-001421_r_036 2 250 036
15-006418_l_044 1 250 044
13-003778_l_004 1 251 004
14-005030_l_015 1 251 015
15-004847_r_044 2 251 044
16-001940_l_045 1 251 045
15-006697_r_047 2 251 047
15-001994_l_015 1 252 015
15-001176_r_029 1 252 029
15-003515_l_037 1 252 037
15-008464_r_037 0 252 037
15-000690_l_038 1 252 038
13-007693_r_019 1 253 019
14-006634_r_023 0 253 023
15-009052_l_029 1 253 029
14-005452_r_023 0 255 023
15-007995_r_024 1 255 024
15-001335_r_026 2 255 026
15-006789_l_037 2 257 037
14-004051_r_015 1 258 015
15-003696_l_045 2 258 045
15-001657_l_024 1 259 024
15-008464_l_037 0 259 037
15-008009_r_044 1 259 044
15-008009_l_044 1 259 044
15-000466_l_015 1 260 015
16-001545_l_037 1 260 037
15-009949_l_047 2 260 047
15-002788_l_023 2 261 023
15-009651_r_044 2 261 044
15-009973_l_037 1 262 037
15-006404_r_044 1 262 044
15-004857_r_044 1 262 044
15-009949_r_047 1 262 047
14-005452_l_023 1 263 023
13-002570_l_004 0 264 004
15-006455_l_024 1 265 024
15-005264_l_037 2 265 037
15-006800_l_037 1 265 037
13-002506_l_001 0 266 001
15-001987_l_015 1 266 015
14-006620_l_044 1 266 044
13-005048_l_004 1 268 004
13-003194_r_007 1 268 007
15-003142_l_044 2 268 044
15-004847_l_044 2 269 044
13-003194_l_007 1 271 007
14-006048_l_015 1 272 015
15-004338_r_026 1 274 026
15-008008_r_044 2 275 044
15-003583_l_015 1 276 015
15-003571_r_047 1 276 047
15-000938_l_039 1 277 039
14-005795_r_019 0 278 019
14-005724_l_036 2 280 036
15-001176_l_029 1 281 029
14-005686_l_026 1 281 026
12-105227_r_003 1 282 003
13-002570_r_004 2 282 004
14-006634_l_023 1 282 023
15-009651_l_044 2 284 044
14-005795_l_019 0 285 019
15-001021_l_023 1 286 023
14-006633_r_023 1 287 023
13-007680_l_019 1 288 019
15-007995_l_024 1 288 024
15-008008_l_044 2 288 044
12-105227_l_003 2 289 003
13-007680_r_019 1 289 019
14-004051_l_015 1 290 015
13-006275_l_004 2 291 004
15-003582_l_015 1 292 015
15-004874_l_024 1 292 024
15-009947_r_047 1 292 047
12-105182_l_004 1 295 004
15-000236_l_037 2 295 037
15-008371_r_047 2 295 047
15-003012_r_024 1 296 024
16-001535_l_037 1 297 037
15-006697_l_047 2 297 047
16-001535_r_037 1 298 037
15-009598_r_024 1 300 024
15-001740_l_044 2 301 044
14-006148_r_029 2 302 029
14-006620_r_044 2 302 044
14-001347_r_019 1 303 019
15-001920_r_042 2 303 042
14-006446_r_044 1 303 044
15-000096_r_047 1 304 047
13-001273_l_004 1 305 004
15-001920_l_042 2 305 042
14-006442_r_044 2 308 044
15-009947_l_047 2 309 047
14-001329_r_019 1 311 019
14-005956_r_024 1 311 024
13-007582_r_015 1 313 015
15-004530_r_019 1 313 019
15-004857_l_044 1 313 044
13-007591_r_015 1 314 015
14-005721_l_036 2 314 036
15-004329_r_026 2 314 026
14-001329_l_019 1 316 019
15-003571_l_047 1 316 047
13-007602_r_004 2 319 004
15-003012_l_024 1 319 024
15-001536_r_019 1 320 019
15-000100_r_019 0 321 019
15-009647_r_044 2 322 044
12-105184_l_004 1 323 004
14-006028_l_042 1 323 042
15-009647_l_044 2 323 044
14-001347_l_019 1 326 019
15-003483_l_037 2 326 037
15-004530_l_019 1 327 019
15-005240_r_047 2 327 047
15-000100_l_019 0 334 019
15-002980_r_019 1 337 019
15-002980_l_019 1 338 019
13-003768_l_004 2 339 004
14-003944_l_008 3 339 008
12-105184_r_004 4 343 004
15-002976_r_019 1 343 019
15-002114_l_047 2 343 047
14-006028_r_042 2 345 042
15-000097_r_019 1 346 019
15-003113_l_044 2 348 044
15-003696_r_045 3 348 045
15-005408_r_045 1 348 045
15-009598_l_024 1 349 024
15-001482_l_045 1 350 045
14-006411_l_045 1 350 045
15-000570_r_036 3 352 036
14-005448_r_023 1 353 023
15-005377_l_045 2 354 045
13-001273_r_004 3 355 004
15-008371_l_047 2 355 047
15-005408_l_045 2 356 045
15-001536_l_019 1 357 019
14-005778_r_019 1 359 019
15-005240_l_047 2 359 047
15-002976_l_019 1 360 019
14-004783_r_019 1 360 019
14-005956_l_024 1 363 024
15-000570_l_036 2 363 036
14-006446_l_044 1 365 044
14-006442_l_044 2 365 044
15-003557_r_047 2 368 047
14-005778_l_019 1 369 019
16-001940_r_045 2 369 045
13-007591_l_015 1 370 015
15-003113_r_044 2 371 044
15-001527_r_019 1 375 019
14-001917_r_026 2 378 026
15-001149_r_029 2 379 029
15-002103_r_047 2 382 047
13-007582_l_015 2 391 015
15-001527_l_019 1 394 019
13-005048_r_004 2 398 004
14-005721_r_036 2 399 036
15-001149_l_029 2 403 029
15-009787_l_042 2 404 042
15-002752_r_026 2 407 026
15-000097_l_019 1 408 019
15-009787_r_042 2 408 042
14-006430_r_045 2 411 045
13-006275_r_004 3 413 004
14-004783_l_019 1 424 019
15-003697_r_045 1 425 045
14-006633_l_023 1 428 023
15-001740_r_044 2 428 044
15-004504_r_019 1 431 019
15-000096_l_047 2 434 047
15-004504_l_019 1 437 019
14-004782_r_019 1 440 019
14-004627_r_026 2 447 026
16-001937_l_045 1 448 045
14-004782_l_019 1 459 019
13-005039_l_004 2 463 004
15-001334_r_026 2 466 026
13-007586_r_004 3 481 004
15-003557_l_047 2 482 047
13-007586_l_004 2 496 004
13-002558_l_004 2 501 004
14-006793_r_026 3 510 026
13-001271_l_004 3 512 004
14-005686_r_026 2 530 026
13-006274_l_004 3 560 004
15-001468_l_045 2 568 045
15-000062_r_047 1 571 047
15-002103_l_047 2 571 047
14-006792_r_026 2 578 026
15-005377_r_045 2 587 045
15-001482_r_045 2 587 045
12-105182_r_004 3 592 004
14-005448_l_023 2 632 023
13-006274_r_004 4 648 004
15-000062_l_047 3 683 047
16-001937_r_045 3 685 045
13-003768_r_004 3 690 004
14-006411_r_045 3 746 045
15-001468_r_045 3 862 045
13-002558_r_004 3 943 004
13-005039_r_004 3 1210 004
