13-007370_r_003 0 129 003
15-001987_l_015 0 129 015
15-000208_r_013 0 130 013
14-003881_r_013 0 131 013
13-002366_r_003 1 135 003
15-002976_r_019 1 137 019
15-007723_r_022 0 137 022
15-001685_l_013 0 138 013
15-000213_r_013 0 138 013
15-000966_l_022 0 139 022
15-006169_r_049 1 139 049
14-005867_r_013 0 140 013
14-001347_l_019 0 140 019
15-001685_r_013 0 143 013
15-003983_r_022 0 143 022
15-000466_l_015 1 144 015
15-002976_l_019 1 144 019
15-002760_r_039 1 144 039
15-009763_r_063 1 144 063
15-000208_l_013 0 145 013
15-003024_r_013 0 145 013
15-005663_r_022 0 145 022
14-004052_l_015 0 146 015
15-002802_l_022 0 146 022
15-008809_r_039 1 146 039
15-003013_r_013 0 147 013
15-001992_r_065 1 147 065
13-002356_r_003 1 148 003
13-007365_l_013 1 148 013
15-003582_l_015 1 148 015
14-005795_r_019 0 148 019
15-007715_r_022 0 148 022
15-007109_r_039 1 148 039
15-009764_r_063 0 148 063
13-005933_r_003 1 149 003
15-000466_r_015 0 149 015
15-003583_r_015 0 149 015
14-004052_r_015 1 150 015
14-006570_l_022 0 150 022
15-000213_l_013 0 152 013
14-005778_r_019 1 152 019
14-006570_r_022 0 152 022
15-003024_l_013 0 153 013
15-001536_r_019 1 153 019
15-003992_l_022 0 153 022
15-001987_r_015 0 154 015
13-007680_r_019 1 154 019
15-007723_l_022 0 154 022
15-003992_r_022 0 154 022
15-006418_r_044 0 154 044
15-005253_r_047 1 154 047
15-002790_l_022 0 155 022
15-000966_r_022 0 155 022
14-005686_r_026 2 155 026
15-001393_l_063 0 155 063
13-004721_r_003 0 156 003
13-007370_l_003 0 156 003
14-005864_l_013 1 156 013
14-006069_r_015 0 156 015
14-006583_r_044 1 156 044
15-000475_l_015 0 157 015
15-001527_r_019 1 157 019
15-005643_r_022 0 157 022
15-007679_r_049 0 157 049
15-001656_r_013 0 158 013
15-001536_l_019 1 158 019
15-002790_r_022 0 158 022
14-003495_l_022 0 158 022
14-003719_r_030 1 158 030
16-002589_r_063 1 158 063
15-006985_r_065 0 158 065
14-003881_l_013 1 159 013
15-005561_r_039 1 159 039
15-005551_r_039 1 159 039
15-002103_r_047 1 159 047
15-008082_l_063 0 159 063
15-001656_l_013 0 160 013
15-005663_l_022 0 160 022
15-002262_r_012 0 161 012
15-007715_l_022 0 161 022
15-009764_l_063 0 161 063
16-002607_r_063 0 161 063
15-003583_l_015 1 162 015
15-003983_l_022 0 162 022
15-003918_l_039 0 162 039
14-003880_l_013 1 163 013
15-003582_r_015 1 163 015
14-006048_l_015 0 163 015
15-002980_l_019 1 163 019
16-000872_r_049 0 163 049
14-005864_r_013 2 164 013
15-003013_l_013 1 164 013
15-001527_l_019 1 164 019
15-002802_r_022 0 164 022
15-005240_r_047 1 164 047
15-002897_r_049 0 164 049
13-004721_l_003 0 165 003
15-001393_r_063 1 165 063
13-007365_r_013 0 166 013
15-000939_r_039 0 166 039
13-002366_l_003 0 167 003
14-004899_l_013 0 167 013
16-003027_r_065 0 167 065
15-004530_l_019 0 168 019
15-000097_r_019 1 168 019
14-004783_r_019 0 168 019
15-000943_l_022 0 168 022
14-005690_r_026 1 168 026
15-008592_r_065 0 168 065
15-008817_r_039 1 169 039
15-005376_r_065 1 169 065
13-005933_l_003 0 170 003
15-001994_l_015 0 170 015
15-000097_l_019 0 170 019
15-003557_r_047 1 170 047
15-004954_r_063 1 170 063
16-000072_r_065 0 170 065
14-004051_l_015 1 171 015
15-002205_l_030 1 171 030
14-003720_r_030 1 171 030
15-004542_r_049 0 171 049
15-009763_l_063 0 171 063
13-007356_l_013 1 172 013
14-006542_l_022 0 172 022
15-006404_r_044 0 172 044
15-006717_r_047 1 172 047
15-006162_r_049 1 172 049
16-002589_l_063 0 172 063
13-007077_r_012 1 173 012
15-004016_r_023 0 173 023
15-004338_r_026 0 173 026
14-005686_l_026 1 173 026
15-000125_r_027 1 173 027
16-001254_l_063 0 173 063
13-000235_r_003 0 174 003
14-005030_r_015 0 174 015
15-000943_r_022 0 174 022
15-005368_r_030 1 174 030
15-008410_r_047 1 174 047
15-008371_r_047 1 174 047
15-007696_r_049 0 174 049
15-005398_r_065 0 174 065
15-000475_r_015 0 175 015
15-004530_r_019 0 175 019
15-002801_r_023 0 175 023
15-009949_r_047 0 175 047
15-004506_r_049 0 175 049
15-006670_r_063 0 175 063
16-002607_l_063 0 175 063
15-002004_r_065 0 175 065
15-006716_r_066 1 175 066
15-008308_r_066 1 175 066
14-006069_l_015 0 176 015
15-001994_r_015 1 176 015
14-001329_l_019 1 176 019
15-005643_l_022 0 176 022
15-006857_r_030 1 176 030
15-006696_r_066 1 176 066
13-007693_r_019 1 177 019
15-004954_l_063 0 177 063
15-008598_r_065 0 177 065
15-000100_l_019 0 178 019
14-005197_l_022 0 178 022
15-005408_r_045 1 178 045
15-009404_r_049 0 178 049
16-000082_r_065 0 178 065
13-0035847_r_003 0 179 003
14-006542_r_022 0 179 022
14-005971_r_039 1 179 039
15-008052_l_063 0 179 063
15-006670_l_063 0 179 063
16-001676_r_065 0 179 065
15-002980_r_019 1 180 019
15-002801_l_023 0 180 023
15-005679_r_023 1 180 023
15-002205_r_030 1 180 030
16-001535_r_037 1 180 037
15-003918_r_039 0 180 039
15-000549_r_049 0 180 049
15-007183_r_023 1 181 023
15-002788_l_023 1 181 023
15-004015_r_023 0 181 023
15-005680_r_023 1 181 023
15-006857_l_030 0 181 030
15-002114_r_047 1 181 047
15-006697_r_047 2 181 047
13-007364_r_003 0 182 003
14-003381_r_012 0 182 012
14-005307_l_015 0 182 015
15-001335_r_026 1 182 026
14-005724_r_036 1 182 036
15-003892_r_039 0 182 039
14-004289_r_012 0 183 012
14-005867_l_013 0 183 013
15-004504_r_019 1 183 019
15-004338_l_026 0 183 026
16-001670_r_065 0 183 065
14-004870_r_013 1 184 013
14-006048_r_015 0 184 015
14-005307_r_015 0 184 015
15-009404_l_049 0 184 049
16-003036_r_065 0 184 065
15-002759_r_026 0 185 026
15-004329_r_026 1 185 026
15-000674_r_030 0 185 030
15-005323_r_030 0 185 030
15-001391_l_063 1 185 063
14-006415_r_012 0 186 012
14-004307_l_012 1 186 012
14-005306_r_012 0 186 012
14-004051_r_015 1 186 015
15-004016_l_023 1 186 023
15-002760_l_039 1 186 039
13-0035847_l_003 1 187 003
14-003495_r_022 0 187 022
15-009393_r_049 0 187 049
13-007693_l_019 1 188 019
13-000225_l_003 1 189 003
13-007680_l_019 1 189 019
15-004504_l_019 1 189 019
15-007087_r_039 1 189 039
15-009947_r_047 1 189 047
15-000546_r_049 1 189 049
16-001464_r_066 1 189 066
15-002261_r_012 0 190 012
14-005030_l_015 0 190 015
14-001329_r_019 1 190 019
15-001021_r_023 1 190 023
15-001023_l_023 0 190 023
15-004857_r_044 0 190 044
15-004932_r_063 1 190 063
13-001273_r_004 2 191 004
15-002788_r_023 1 191 023
15-008561_r_030 0 191 030
15-005377_r_045 1 191 045
15-003571_r_047 0 191 047
15-002753_r_039 1 192 039
15-008324_r_066 1 192 066
16-002750_r_066 0 192 066
13-007078_r_012 1 193 012
15-001334_r_026 1 193 026
15-004635_r_027 1 193 027
15-003643_r_030 0 193 030
16-001251_l_063 0 193 063
15-008082_r_063 1 193 063
15-006664_r_063 1 193 063
15-001391_r_063 2 193 063
15-002004_l_065 0 193 065
15-001992_l_065 1 193 065
13-005931_l_003 1 194 003
15-000100_r_019 0 194 019
15-002204_r_030 1 194 030
15-008525_r_030 1 194 030
15-004932_l_063 0 194 063
16-003036_l_065 0 194 065
13-002570_r_004 1 195 004
14-001347_r_019 1 195 019
15-008248_r_036 1 195 036
15-006418_l_044 0 195 044
14-006431_r_012 0 196 012
14-004899_r_013 0 196 013
15-001740_r_044 1 196 044
15-009947_l_047 1 196 047
15-005398_l_065 0 196 065
14-004307_r_012 0 197 012
15-004329_l_026 1 197 026
15-003892_l_039 0 197 039
15-007109_l_039 1 197 039
15-008817_l_039 0 197 039
15-005377_l_045 2 197 045
16-001676_l_065 0 197 065
12-105230_l_003 0 198 003
15-000236_r_037 0 198 037
15-000939_l_039 0 198 039
15-008809_l_039 1 198 039
15-001759_r_044 0 198 044
16-003027_l_065 0 198 065
14-004783_l_019 0 199 019
14-003489_l_022 1 199 022
15-003621_r_030 0 199 030
15-002753_l_039 1 199 039
16-000870_r_049 0 199 049
15-008598_l_065 0 199 065
14-001918_r_026 0 200 026
15-002204_l_030 1 200 030
14-005970_l_039 1 200 039
15-006169_l_049 0 200 049
16-000072_l_065 0 200 065
15-006987_r_065 0 200 065
15-001959_r_066 1 200 066
15-005561_l_039 1 201 039
15-005376_l_065 0 201 065
16-001472_r_066 1 201 066
16-002750_l_066 0 201 066
16-000034_r_066 1 201 066
15-002261_l_012 1 202 012
15-000788_r_012 0 202 012
15-001023_r_023 0 202 023
14-005970_r_039 1 202 039
15-000938_r_039 1 202 039
15-004847_r_044 0 202 044
15-007696_l_049 0 202 049
15-004506_l_049 0 202 049
15-002872_r_049 0 202 049
15-008052_r_063 1 202 063
14-005307_r_012 0 203 012
14-003368_r_012 1 203 012
15-002262_l_012 0 203 012
15-001334_l_026 0 203 026
15-002970_r_027 1 203 027
14-005153_r_030 0 203 030
15-005368_l_030 0 203 030
13-003571_r_003 1 204 003
15-002752_r_026 2 204 026
15-008371_l_047 1 204 047
16-001254_r_063 0 204 063
13-000225_r_003 1 205 003
13-007356_r_013 1 205 013
15-003697_r_045 0 205 045
16-001251_r_063 1 205 063
15-005680_l_023 1 206 023
15-001578_r_027 1 206 027
15-003643_l_030 0 206 030
14-005971_l_039 0 206 039
15-005551_l_039 1 206 039
15-008009_r_044 0 206 044
14-006583_l_044 1 206 044
16-000872_l_049 0 206 049
15-006987_l_065 0 206 065
14-005197_r_022 0 207 022
14-006442_r_044 0 207 044
15-000096_r_047 1 207 047
15-002759_l_026 0 208 026
14-005805_r_027 1 208 027
14-003720_l_030 1 208 030
15-009917_l_036 1 208 036
15-007087_l_039 0 208 039
15-006664_l_063 1 208 063
16-001464_l_066 1 208 066
16-000040_r_066 0 208 066
15-005182_r_066 1 208 066
13-005931_r_003 1 209 003
13-007582_r_015 1 209 015
15-000236_l_037 1 209 037
15-006789_r_037 1 209 037
15-008592_l_065 0 209 065
12-105230_r_003 0 210 003
13-007591_r_015 1 210 015
15-001335_l_026 0 210 026
15-001591_r_027 0 210 027
14-003719_l_030 1 210 030
14-005778_l_019 1 211 019
15-007184_r_023 0 211 023
14-002008_r_027 0 211 027
14-005153_l_030 0 211 030
15-002897_l_049 0 211 049
15-006696_l_066 1 211 066
13-007364_l_003 0 212 003
15-008561_l_030 0 212 030
15-005153_r_036 1 212 036
15-006404_l_044 0 212 044
15-006716_l_066 1 212 066
13-007078_l_012 0 213 012
14-005307_l_012 0 213 012
15-003696_r_045 2 213 045
15-003696_l_045 1 213 045
15-004542_l_049 0 213 049
14-004289_l_012 1 214 012
15-002752_l_026 1 214 026
15-004847_l_044 0 214 044
15-008308_l_066 0 214 066
13-004716_l_003 0 215 003
14-004627_r_026 1 215 026
14-005721_r_036 2 215 036
15-006666_r_036 1 215 036
15-008410_l_047 1 215 047
16-001545_r_037 0 216 037
15-003142_r_044 0 216 044
15-008008_r_044 0 216 044
15-009949_l_047 1 216 047
15-000546_l_049 1 216 049
15-006504_r_057 1 216 057
15-005006_r_057 0 216 057
15-006985_l_065 0 216 065
15-005679_l_023 2 217 023
15-004015_l_023 1 218 023
15-007183_l_023 2 218 023
14-006620_r_044 1 218 044
15-004857_l_044 0 218 044
14-004821_r_027 1 219 027
15-006666_l_036 1 219 036
13-003571_l_003 1 220 003
15-000791_r_012 0 220 012
14-006415_l_012 0 220 012
15-005323_l_030 0 220 030
16-002747_r_066 1 220 066
13-004716_r_003 1 221 003
14-005795_l_019 0 221 019
14-006634_r_023 0 221 023
14-005690_l_026 0 221 026
15-006162_l_049 1 221 049
16-000034_l_066 1 221 066
15-009915_r_036 1 222 036
15-005253_l_047 2 222 047
15-000791_l_012 0 223 012
15-001021_l_023 1 223 023
14-005452_r_023 0 223 023
14-002006_r_027 2 223 027
15-008525_l_030 1 223 030
15-005181_l_036 1 223 036
14-006792_r_026 0 224 026
16-002747_l_066 1 224 066
13-002356_l_003 0 225 003
13-001273_l_004 1 225 004
13-007077_l_012 1 225 012
15-008265_r_036 0 225 036
15-003697_l_045 1 225 045
14-005306_l_012 0 226 012
15-007184_l_023 1 226 023
15-005264_r_037 0 226 037
13-005048_r_004 1 227 004
14-004642_r_026 0 227 026
16-001421_r_036 1 227 036
15-009860_r_057 0 227 057
16-000082_l_065 0 227 065
14-004870_l_013 1 228 013
14-005192_l_022 1 228 022
15-001759_l_044 0 228 044
15-001740_l_044 1 228 044
15-008099_l_057 0 228 057
14-006431_l_012 0 229 012
14-004820_r_027 1 229 027
15-000570_r_036 2 229 036
15-005181_r_036 1 229 036
15-008454_r_037 0 229 037
14-006620_l_044 0 229 044
15-001482_l_045 0 229 045
15-002103_l_047 1 229 047
14-003381_l_012 0 230 012
14-005822_r_027 0 230 027
15-003454_r_036 1 230 036
15-009651_r_044 0 230 044
15-005182_l_066 1 230 066
15-000125_l_027 1 231 027
14-005724_l_036 1 231 036
15-006681_r_036 1 231 036
16-000870_l_049 0 231 049
16-001291_l_057 0 231 057
15-004981_r_057 1 231 057
15-003621_l_030 0 232 030
16-001432_l_036 0 232 036
15-005408_l_045 1 232 045
16-001670_l_065 0 232 065
15-009915_l_036 0 233 036
15-009647_r_044 1 233 044
15-007679_l_049 0 233 049
14-001918_l_026 1 234 026
15-001482_r_045 0 234 045
15-003571_l_047 1 234 047
15-006697_l_047 1 234 047
13-007582_l_015 1 235 015
14-004642_l_026 0 235 026
15-003425_r_036 1 235 036
15-000941_l_057 0 235 057
14-001917_r_026 1 236 026
15-009651_l_044 0 236 044
15-006717_l_047 1 236 047
15-006504_l_057 0 236 057
14-006634_l_023 0 237 023
15-000674_l_030 1 237 030
15-006854_l_030 1 237 030
15-008008_l_044 1 237 044
15-000062_r_047 1 237 047
16-001291_r_057 1 237 057
15-008324_l_066 1 237 066
16-001286_l_057 1 238 057
15-006789_l_037 1 239 037
15-008248_l_036 0 240 036
15-005281_r_037 0 240 037
15-002872_l_049 0 240 049
15-005152_r_066 1 240 066
15-000672_r_030 1 241 030
15-008009_l_044 0 241 044
16-000040_l_066 1 241 066
14-003368_l_012 1 242 012
16-001421_l_036 0 242 036
15-009973_r_037 1 242 037
15-005240_l_047 2 243 047
15-000143_r_027 0 244 027
15-006681_l_036 1 244 036
15-003483_l_037 1 244 037
15-003483_r_037 0 245 037
15-000941_r_057 1 245 057
15-000587_r_036 0 246 036
15-005153_l_036 1 246 036
15-003246_r_057 1 246 057
13-000235_l_003 1 247 003
14-004627_l_026 1 247 026
15-009917_r_036 1 247 036
15-003557_l_047 1 247 047
15-001591_l_027 1 248 027
14-005150_r_030 2 248 030
15-000587_l_036 0 248 036
16-001535_l_037 1 248 037
14-002008_l_027 0 249 027
14-006793_r_026 1 250 026
15-003142_l_044 0 250 044
15-000096_l_047 1 250 047
15-000788_l_012 1 251 012
15-004640_r_027 1 251 027
15-000672_l_030 1 251 030
15-009393_l_049 0 251 049
15-004981_l_057 1 251 057
15-009979_r_037 0 252 037
14-003489_r_022 2 253 022
15-002978_l_027 0 253 027
14-004821_l_027 1 255 027
15-008265_l_036 0 255 036
14-006430_r_045 1 255 045
15-002114_l_047 1 256 047
14-005452_l_023 0 257 023
16-001472_l_066 1 257 066
15-006854_r_030 2 258 030
15-003425_l_036 1 258 036
15-000570_l_036 1 259 036
13-006275_l_004 2 261 004
14-005448_r_023 1 261 023
14-006792_l_026 0 261 026
14-005150_l_030 1 261 030
15-000938_l_039 1 261 039
15-002978_r_027 1 262 027
15-000258_r_037 1 262 037
14-005192_r_022 2 263 022
15-005006_l_057 0 263 057
14-006633_r_023 1 264 023
16-001432_r_036 0 264 036
15-006800_l_037 1 264 037
12-105227_r_003 1 265 003
13-007591_l_015 1 265 015
15-000940_l_057 1 265 057
15-001959_l_066 1 265 066
15-001578_l_027 1 266 027
12-105227_l_003 2 267 003
16-001937_r_045 1 267 045
15-009860_l_057 0 267 057
15-009647_l_044 0 268 044
13-003778_r_004 1 270 004
15-000549_l_049 0 270 049
15-006494_r_057 2 270 057
14-006633_l_023 1 272 023
14-006793_l_026 0 272 026
14-005822_l_027 0 272 027
15-005152_l_066 1 272 066
13-002570_l_004 1 274 004
15-004640_l_027 0 274 027
15-006800_r_037 1 274 037
14-005721_l_036 1 275 036
16-001545_l_037 0 278 037
16-001286_r_057 2 278 057
15-000258_l_037 1 279 037
14-005448_l_023 2 280 023
13-005048_l_004 2 281 004
14-004782_l_019 2 281 019
14-006446_r_044 0 281 044
15-008099_r_057 0 281 057
15-003246_l_057 1 282 057
15-001939_r_066 1 282 066
15-005264_l_037 0 284 037
15-009973_l_037 1 285 037
15-000143_l_027 0 289 027
15-001939_l_066 1 289 066
14-006446_l_044 0 290 044
13-003768_r_004 3 291 004
15-003454_l_036 1 292 036
15-009979_l_037 0 293 037
13-007602_l_004 0 294 004
15-002970_l_027 2 295 027
15-003515_r_037 0 295 037
15-004635_l_027 1 298 027
13-003778_l_004 0 299 004
15-008454_l_037 0 300 037
12-105184_l_004 1 301 004
14-005805_l_027 2 301 027
12-105184_r_004 0 302 004
14-006442_l_044 0 302 044
15-008464_r_037 0 303 037
14-006430_l_045 1 303 045
15-009859_r_057 2 303 057
13-006275_r_004 2 304 004
16-001940_l_045 1 307 045
14-004782_r_019 2 309 019
16-001937_l_045 1 309 045
15-003113_r_044 1 314 044
14-001917_l_026 0 315 026
15-005281_l_037 0 320 037
16-001940_r_045 1 323 045
13-007586_l_004 1 324 004
15-003113_l_044 1 329 044
15-000062_l_047 1 331 047
15-000940_r_057 1 337 057
15-003234_l_057 1 338 057
15-008464_l_037 0 341 037
15-003515_l_037 0 341 037
13-002558_r_004 4 345 004
13-005039_r_004 3 347 004
13-001271_r_004 4 349 004
13-003768_l_004 2 352 004
15-006494_l_057 2 359 057
15-003234_r_057 2 360 057
15-001468_r_045 2 361 045
13-001271_l_004 3 376 004
12-105182_r_004 2 377 004
13-005039_l_004 3 381 004
15-009859_l_057 1 385 057
15-001468_l_045 1 390 045
13-007602_r_004 2 392 004
14-004820_l_027 3 394 027
14-006411_r_045 1 397 045
12-105182_l_004 2 401 004
14-006411_l_045 2 403 045
13-006274_l_004 3 413 004
13-007586_r_004 3 418 004
13-002558_l_004 2 425 004
15-008093_l_057 1 427 057
13-006274_r_004 4 435 004
15-008093_r_057 2 481 057
14-002006_l_027 2 496 027
